0
2
3
4
5
6
7
8
9
10
13
14
15
16
17
19
20
21
22
23
24
25
27
29
30
31
32
33
34
35
36
37
38
39
42
43
44
45
46
48
49
50
51
52
53
54
56
57
58
59
60
61
62
63
64
65
66
67
68
69
70
71
72
73
74
75
76
77
78
79
81
82
83
84
85
86
87
88
89
91
92
93
94
95
96
97
99
100
101
102
103
104
105
106
107
108
112
114
115
116
118
119
120
124
125
126
128
129
131
132
133
135
137
139
140
141
142
143
145
147
148
149
150
152
153
154
155
156
157
158
159
161
162
163
165
166
167
168
169
170
171
172
173
175
176
177
178
179
180
181
182
183
184
185
187
188
189
190
192
194
195
196
197
199
200
201
203
204
205
206
207
208
209
210
211
212
213
214
215
217
218
220
221
222
223
224
225
226
227
228
229
230
231
232
233
235
236
237
238
239
240
241
242
243
244
245
246
247
248
249
250
251
252
253
255
256
260
261
263
264
265
266
267
270
271
272
273
274
275
276
277
278
279
280
281
282
284
285
286
287
289
290
291
292
294
295
296
299
301
302
304
306
307
308
309
310
311
312
313
314
317
319
320
321
322
323
324
326
328
329
330
332
334
335
336
337
339
340
341
342
343
344
345
346
349
350
351
352
353
354
355
356
358
360
361
362
363
365
366
367
368
370
371
372
374
375
376
377
378
380
383
384
385
386
388
389
390
391
392
393
394
395
396
397
398
399
401
402
403
405
406
407
409
411
412
413
414
415
416
418
420
421
422
423
424
426
427
429
430
431
432
433
435
436
437
438
440
441
442
443
444
445
